49857 69948 43206 5312 4330 29335 46832
16583 111105 108937 17224 10146 51906 83573 55900 101355 111315
106828 120889 2239 37356 128791 111456
37860 21225 83573
98189 109050
7505 38775 67752 77877 122238 111315 108937 35966 2239 128791
120884 12156 66991 63320
120889 63320
120889 79592 37860 99094 111105 84000 120884 4330
111165 94962
77877 96200 21225 114626
98189 57206 29678 70632 111456 85068 111105
12156 66991 79592 96200 43206 37860 120884 111456 108937 63320
12156 73957 66991 17993 117761 109050 67418 35966
10146 66991 32456 8055
70632 70872 49881 8055 12737 23990 18217 93539 33214
112276 87407 2656 67714 16583 40344
23990 130289 43206 29678 59371 111456 32456 57206 116179 109742
49881 59371 23990 106272 122238
105352 91130 84000 35624 128791 120884 69948 16583
106828 40344
67418 98189 29678 79592 51906 38775 91130 77877 59371 130289
59675 62795 59502 101355 57206 32456
77877 111105
7505 49881
2239 58900 105352 41009 18217 57875
116179 58900 23990 18217 37719 122238 29335 7505 46832
25327 55900 73201 67418 12737 7287 113387 4330 17224 67714
17224 63320 85068 106272 91130 32456 69948 35966 66991 12737
69887 35624 85068
111315 91130 59371 116179 109742 17224 32456
14405 96599 70872 59502 99094
23990 35966 25327 106272
105352 79233 67714 18217 116179 14405 58075
63320 58075 12737 129436 16420 116179 101355 114626
109050 17224 35966 37356 87407 96599 73201
111165 70632 109742 14405 98189 12737 17224 101355
49236 7287 37860 70872 14405 116179
49857 73957 73201 111456 91130 38775 14405 96599 120884 67418
16583 129436
124872 114626 67418 128791 8055 18217
2656 25327 106272 55900 105352
62795 59502 108937
111105 4330 7287 122238
79592 120884 10146 58075 63320 99094 58900 77877 130289
49857 52619 70632 16420 58900 37356 69948
93539 57875
94962 8055
85068 79592 58900 124872
96200 116179 61978 21225 16420 7505 67714 73201 41009
105352 25327 7505
27187 59371 67752 8055 32456 70632 12737 58075 59675 101355
108937 79233 55900 2239 111165
106828 4330 59502 87407 59371 130108
7287 18888 130289 27187 59502
40344 85068 96599 2239 101355 43206 49857 84000
35966 117761 38775 109050 111165 70872 7287 27187 128791
29335 67714 2656 58900 91130 69887 122238 96599 49857
8055 25327 69948 105352 108937 79233 111105 67752 12737
10146 130108 66991 27187 2656 63320 112276 59502 105352 129436
83573 73957 101355 59502 85068 37860
85068 69887 2656 77877 16420 37860 122238
96200 41009 12737 117761 52619 111456 29335 79592 59502 93539
129436 105352 67418 83573 8055 113387
38775 96599 128791 17224 67752
128791 25327 35624
4330 23990 35966 27187 79233 29335 106272 111165 120884
130108 18888 70632 51906 91130 25327 2239 112276
23990 4330 21225 111315 40344 120889 106828 67418
7287 5312 120889 70632 16583 117761 96599 51906 59675 29678
108937 79233 70632 111456 70872
109742 18888 130108
8055 111456 66991 79592 114626
49857 108937 111105 57875 117761 66991 61978 67714
8055 106828 120248 111105 96200 99094 94962 38775
111105 120248 120884 91130 117761
96599 21225 18217 29335 124872
32456 99094
49881 43206 52619
59371 96200 79233 84000 114626 109050 128791
59502 98189
16583 37860 83573 17224 21225 69887
113387 69948 12737
73957 27187 32456 49857 16583 66991 14405 83573
57875 38775 25327 67714 2656 94962 73957 37860 69887
111165 10146 67714 23990 120884 33214 7505
79592 128791 70872 111456
59675 130108 7505 109050 83573 51906
8055 130108 41009 2239 111315 94962 108937 66991 58900 91130
58075 46832
58075 70872 29335 55900 2239
69887 77877 122238 108937 73201 66991
58900 35966 61978 129436 69887
87407 77877 79233 52619 111456 7287 112276 85068
66991 128791 111456 49857 111315 58900 113387 52619 49881
106828 122238
62795 8055 70632 109050 59371 106828 10146 129436 109742
12156 59675 55900 8055 120889
85068 87407 58075 59371 55900 59502 52619 96599 69887 91130
106272 37860 52619
49881 69948
109742 120884 17993 113387 35966 67714 77877 2656 116179
130108 55900 12156 49236 79233 51906 122238 17224
7505 70872 111456 112276 67418 27187
70872 128791 99094 69948 101355
37860 96200
57206 17224 27187 38775 96200 37719 98189 55900 59502
109742 84000 93539
61978 16583 93539 120884 49857 69948 35624 58075 109742
113387 25327 58075 69948 79233 33214 27187 17993 79592 128791
59371 73957 106828 2239 58900 96200 116179 12156
61978 113387 37356 16583 29678 117761 111165 4330 17993
124872 46832 59371 37719 12737 84000 130108 4330
98189 69948 40344 130108 5312 111105 14405 23990 109742 58900
59502 38775 67418 2239 58900 37719 109742 120248 49236 21225
79233 14405 73957 85068 59371 12737 8055
99094 63320 117761 55900 130108
122238 16420
111315 32456 120248 83573 122238 59675 12156
35966 106828 70872 120884 8055 21225 128791
46832 2239
33214 67752 58075 73201 117761 32456 27187
35966 130289 67418 12737 25327 37860
32456 73201 77877 67714 111105 69948 37860
7287 2656 58900 93539 21225 111456 2239 70872
8055 33214 7505 84000 67714
111165 16583 16420 37860 57206 91130 41009 73957
16583 70632 55900
99094 35966 40344
67714 25327 8055 35966 112276 12737 79592
67714 7505 69887 37860 46832 77877 120248 111315 96599 49236
98189 38775 70872 108937 4330 2239 33214
67752 130289 46832 7287 49857 33214 49236 35624 14405 96200
106272 111315 7505 93539
96599 129436 59371 109050 70872 17224 37356 96200
52619 57206 29335 16420 49236 113387
117761 12737 16583 25327 73201 106272 129436 14405 27187
43206 41009 79233 111315 73201 111456 18888 124872
35966 85068 35624 79233
41009 12156 122238 91130 59675 23990 77877
35966 79233 12156 49881 67714 69948 66991
61978 63320 37719 17993
61978 108937 12737 43206
111165 120884 73201 113387 85068 122238
111165 112276 120889 67752 17993
16420 105352 51906
122238 85068 129436 109050
124872 10146 109742 114626
38775 35624 111456 12156 49857 59502 114626
32456 23990 2239 10146 41009 14405 35624 58075 51906
37356 120884 17224 67418 120889
25327 84000 62795 109742 27187 38775 70872 106272 58075
96200 18217 27187 16583 25327
67418 14405 109742 29335 12737 55900 69948 16583
5312 79233 17993
111315 63320 117761 49881 111165 59371
5312 29335 129436 114626 116179 112276 41009
46832 73201 5312 33214 79592 16583 16420 12737
2656 106828 67752 129436 8055 43206 101355
21225 69948 120884 91130 59371 108937 2239
23990 33214 84000 98189 43206 79233 120248
37356 130289 111456
69887 21225 59675 124872 99094 18217 14405 4330 16583
25327 109742 12156 108937 69948
35624 52619 33214 59502 59371
112276 63320 57875 41009 109742 77877 130289 12156 5312
4330 70872 27187 69948 7505 117761 67714 105352 38775 7287
128791 7287 59502
96599 73957 116179 29335 105352 51906 2656 67714 41009
117761 96200 37719 14405 67752
70872 37719 38775 25327
96599 124872 18888 130108
35966 61978 73957 111165 52619 17993 105352 32456
66991 130108 38775
55900 57875 10146 49881 59502 58075
49236 109742 106828
111105 49881 29678 63320 29335 23990 33214 120889
27187 35624 106828 55900 109742 129436
69948 29678 70872 2656 17224
63320 38775 70632 7287 99094 113387 117761 83573 73957 105352
17993 59371 32456 105352 109050 130108 111315
17993 17224 69887 49857
128791 41009
14405 49857 62795
12156 7287 93539 49236 84000 29678
112276 83573 120884 41009 128791 130108 38775 79592 91130 73201
52619 35624 16420
83573 21225 120884 16420 49857 37719
4330 111456 120889 67714 91130
37356 91130 69948 114626 122238 35966 37860 59371
79592 67752 16583 120889 98189 10146
49881 21225 130289 37860 12737
113387 130289 128791 12156 77877 49857 62795 91130 79233 55900
113387 38775 7287 130108 128791 35624
111315 4330 130108
52619 21225 59371 59502 49236
23990 25327
49236 67752 2239 66991 73201
23990 69948 79233 49857
83573 94962 129436 16583 67752 70632 41009 59675
67714 17224 61978 124872 37860 120889 99094 57206 12737
111105 98189
112276 5312 101355
2656 55900 106828 5312 16420 129436 49857 18888 7505
111105 35624 109742 85068
21225 69887 57206 7287 37860 96599 35966
12156 85068 83573 58075 106272
114626 63320 59675 129436 37860 109050 116179 94962
59371 67418
18217 96599 29678 77877
67752 37719 7505
37356 101355 46832 7505 25327
93539 116179 32456 37719 49881
21225 106272
109050 117761
105352 46832 122238 87407 29335 59371
59502 77877 120248 37356 106272 38775 49881 63320
120248 113387
124872 63320 55900 85068 87407 120889 46832 105352
29335 69887 122238 91130 111456 99094 62795 57875 79233 117761
120889 55900 93539 57875 49881
7505 84000 67752 37860
105352 4330 109742 93539 111456 120884
35966 57875 111315 43206 83573 129436 10146 33214 124872 59371
52619 117761 129436 67714 116179 130289 32456 128791 12156 70632
17224 29678 51906 8055 12156 41009 35966
43206 5312 7505 85068 55900
4330 69887
16583 55900 57206 37860 108937
114626 7287 105352 12156
14405 112276 111105
35624 106272
52619 117761 33214 111315 98189 112276 99094 130108 120248 55900
12737 25327 14405 49857
17993 94962 58900
79233 51906 73957 67752 38775 96599
37356 62795 37860 67418 7287 59371 41009 57875
14405 43206 87407 7505 37356 94962 128791 111165
58900 73201 2239 96200 70632 49236 46832 52619 2656
17993 96599 49857 17224 35624
4330 2656 5312 27187 79233 66991 69887 18888 128791
120248 2239
37719 111105 58900 7505 29335 43206
128791 106828 96200 16583 12737 83573 116179 14405 130108 61978
69948 130289 7287 16420 96200 79233 17224 128791 29678 55900
117761 101355 77877 14405 16420 67752 58075 120889 2239
94962 93539 77877
18888 5312 12737 96200 23990 62795
49857 120884
12156 93539 120248 83573 16583 4330 109050 25327
23990 79233 59371 99094 12737 108937 17993 40344 37356 10146
46832 109742 10146 113387 18888 111165 51906 49236 120248 17993
111105 130289 29335 106828 57206
94962 21225 128791 96599 41009
52619 117761 69887 37719 2656 37356 114626 16420 29678 124872
59502 99094 85068 67714 59371
116179 117761
59371 55900 87407 38775 51906 130108
62795 49857 8055 16583 109050 2656
67714 58900
29335 10146 63320 49236 99094 94962 35624 111105 37356
25327 122238 59675 106828 37356 83573 106272 38775 94962
57206 17993 129436
5312 27187 73201 130108 114626 7287
59502 117761 29335 106272 120884 61978 85068
58900 17224 114626 93539 27187 117761 79233
120889 70632 10146 16420 52619 27187 105352 40344 77877 59675
111456 43206 59371 17993
2239 79592 49881 130108 41009 38775 43206 91130 62795 111165
79592 79233 12737
130289 25327 113387 69948 120889 79233 128791 12156 58900
17224 21225
106828 2239 120248 108937 106272
41009 59502 35624 70632 87407 43206 18217
130108 37356 116179
2239 59371 117761 41009 57206 69948
111105 17224 93539 55900 69887
105352 2239 129436 67752 69887 59675 99094
8055 111105 49881 113387 23990 14405 83573 70632 25327
5312 14405 91130 70632 93539 67418 83573
35966 61978 63320 106828 69948 116179 38775 51906
33214 120889 84000 58900 63320 32456 122238 73201 117761 59502
79233 17224 41009 58900 4330 67418 94962
4330 117761 106272 38775 79592 113387 59502 29678 122238
112276 128791 67752 40344 116179 33214 52619 120884 130108
113387 109742 66991 112276 128791 37860 96599
112276 69948 109050 52619 69887
2239 130289
120889 21225 130289 2239 58075 83573 111105 77877 122238 25327
87407 67714 52619 10146 130289 111315
120248 49236 109050 111315 59675 67714 99094
113387 57875 10146 120248 94962 16583 51906
96200 49881 57206 120884 35966 59502 116179
25327 111165 109742
32456 83573 111315 16420 40344
112276 79233
120889 41009 114626 37719 35624 4330 106272 106828 105352
87407 120889 57875 70632 18888
12737 111165 17993 96599 85068
106828 79233 10146 43206 35966 25327 49881 7505
25327 46832 10146
37719 106828 124872 96599 99094 112276 70632 66991 79592 23990
49857 38775
18217 16583
49236 57875 85068 29678
25327 70872 85068 116179 35624 27187 77877 43206
67714 79592 111165 96200 61978 41009 91130
23990 2656 17993 32456 57875 37719 49236 67418 7505 59371
105352 2239
120884 5312 96200 62795 51906
43206 12737 58075
37719 12156 57875
96599 101355 66991 10146 122238 124872 62795
96599 27187 23990 63320 35624 57875 49236 99094
79592 41009 113387 8055 122238 59675 93539 57875 46832
59371 87407 111315 49881 130108 96200 12156 109050
99094 55900 130108 29678 111165 122238 113387 21225 73957
109742 79592 17993 2239 23990 111165 67714 8055 77877
96599 59371 79233 70872 67752 106828 73957 94962
98189 43206 94962
35966 87407 37719 52619 16583 40344 101355 70872
84000 70872 58900
129436 17224 16420 96599 58900 49857
130108 69887 63320 23990 91130
87407 116179 101355 111456 84000 117761 79233 52619 67714
83573 5312 14405 59371 96200
5312 79233 84000 57875 21225
69887 117761 111165 27187 16420 111105 49857 120884
84000 61978 8055 120889 128791 51906 29335
130108 94962
33214 83573 2239 120889 46832 18888 61978 57206
37719 16420 32456 120884 37356 113387 79233 106272
57875 91130 112276 130108 5312 18217 85068 61978 16583
93539 69948 73957 106272 111456 35624 49857
41009 130108 79592 70632 37719 114626 37356 32456 67418
73957 128791 130289 67714 37356 77877 111456 67752
120884 62795 109742 98189 69948 21225 117761 61978 59502 52619
8055 51906
79233 10146 23990 109050 69887
23990 12156 46832 32456
112276 16420 67752 69948 67418 55900
40344 4330 57875 79592 46832
59502 113387 35624 128791
70632 46832 12737 79233 124872 87407 130289 70872 77877
130108 4330
77877 51906 114626 59371 33214 96200 41009 25327 37719
37356 14405 117761 32456 73957 77877 62795 70872 106272
116179 2656 93539 37719
79592 12156 120889 67418 73201 2239
4330 105352 117761
117761 21225 116179 111456
120889 18217
37719 16420 18217
14405 96200 120889 94962 18888 58900 49881 5312 130289
116179 10146
59675 16583 38775 69887 17993 122238
35624 16420 79233 120248 2656 57875 114626 10146 16583
70632 23990 62795 109050
116179 109742 69948
17993 59502 128791
29335 59502 77877
77877 17993
7505 57875 8055 2656 63320 93539 83573 37719 10146
7505 61978 33214
41009 128791
111456 109050 87407 91130 94962 29335 79592
23990 122238 52619 7505 109742 17993 70872
99094 111105 46832 117761 130289 40344 12156 18217 129436 49857
116179 16583 5312 111456 37356
70872 43206 7287 49857 117761 21225 69948
59502 130108 55900 67418 120248 67714 7505 18888 111105
63320 52619 32456 129436 37356 91130 43206 38775 120889 111165
58075 32456 25327 70632 96599 59502
73957 16583 37356 83573 58900
37860 58900
7287 106272 37860 70632 29335
128791 120889 98189 37860 94962 79233
109050 17224 49881 38775 12156 67418 16420 108937 79592
67418 108937 5312 99094 33214 77877 18888 38775
49881 51906 43206 59502 124872 2656 25327 69948 101355 37860
59675 96200 130108 117761 27187 124872 87407 120889 120884
98189 27187 101355 58900
59675 17224 8055 41009 2239
77877 35966 16420 7505 49236 96599 111315 94962 96200 114626
23990 69948 111456 124872 120248 101355 83573 55900 106828 70872
49857 120248 41009 67714 111315
111105 117761
114626 55900 124872 108937 62795 59371 29335 130108
49236 16420 70872 94962 40344 46832
35624 29335 108937 79233 62795 14405 41009 66991
4330 94962 37719 93539
96200 59675 113387 79233 67714 37860 58900 114626 18217 124872
17993 18217 111105 37860
21225 63320 106828 94962 67752 108937
29335 130289 35624 57875 120248 120884
2239 58900 18217 12156 61978 77877 69948 58075
66991 37719 117761 69948 12737 2656 29678 61978 5312 109050
128791 37860 17224 57206
14405 99094 117761 66991
69887 109742 73957 10146 122238 111315 96200 18217 101355
49881 16583 122238 101355 51906 105352
55900 129436 67418 59502 62795 69887
130108 98189 73957 10146 29335 111315 111105
94962 2656 112276 35966
12156 52619 49236 37719 37860 27187 18888
58075 23990 38775 101355
84000 51906 37719 37860 111105 120884 83573 61978 62795
66991 111165 67418 63320 37356 67752 120889
124872 43206 67752
2656 106272 67418 79233 93539 59675 61978
35624 79592 111165
21225 129436 51906
49857 37356 112276 12156 37860 67752 10146 63320 67418 114626
29335 23990 8055
57875 58075 7505 96200 111456
85068 12737 51906
120884 83573 67714 7505 96599
7287 111456 23990 16583 70632 35624 111165 57206
67714 16583 120884 67418 117761 96599 35624 79592 55900 101355
49236 2239 122238 12156 93539 37356 117761 94962 106828 67418
29335 109050 59502 23990 37719 93539
113387 27187 49881 16583
109742 49881 37719 83573 18217 37860 117761 94962 112276
40344 35966 109050 37860
77877 58075 35966 37719 4330 23990
49236 4330
101355 130289 37719 98189 109050 79233 2239 109742 73957 12156
93539 124872 96599 63320 69887 59502 35624 59371 70872 120248
58900 96599 59371 79592 67418 2656 99094 55900 91130 14405
40344 41009
2656 106272 67714
7505 109050 91130 96200 129436 128791
29678 2656
91130 59675 37719 120884 67418
111105 111315 93539 2239 29335 37719 120884
14405 69948 49236 85068 67418 98189 111315
7287 49236 111315 52619 25327
7287 29335 120889 94962
37356 96200 73957 116179 108937 130108 52619 5312
84000 111105 29678 130108 111315
66991 111165
109742 51906 17993 7287 5312 23990 114626 69948
16420 18217 27187 129436 67714 61978 21225
32456 130289 108937 61978 49881
124872 16583 35624 96599 59675 38775
41009 8055 111456 113387 130289 73201 52619 16420 35966 59371
120889 18888 73957 57875 109742 69948
35966 112276 57206 7287 67418 106272 59502 120248 51906
79592 67752 98189 38775 59502 96599 122238 101355 62795 25327
40344 18888 128791 73957 59371 98189 94962 43206 96200 117761
85068 67752 109050 58900 57875 43206
66991 12156 57206 73957 70632 111105 130108 17224 14405
51906 84000
84000 70872 14405 59675 93539 85068 106828 83573
77877 105352
124872 120884 18217 120889 111165 114626 12156 32456 63320 37860
111456 84000 109050 55900 58075 112276 109742 49881 62795
23990 70632 117761 33214 17224 12156 35966 17993
21225 12156 16420
124872 4330
120248 98189 35966 57875 108937 18217
12737 116179 14405 70872 61978
128791 84000 124872
5312 52619 33214 67752 67714 120884 51906 17993 130289
85068 112276 130289 29335 58900 113387 67714 114626 117761
18888 114626 18217 16420 91130 69948 99094 27187 57875
61978 16420 73201 79592 124872 27187 106272 12737
59371 7505 69948 113387 49857 73957 67418 70632
77877 2239 63320 46832 10146 29335 7505 122238 57875
130289 130108 106272 10146 114626 109742 29678 52619 120884 93539
63320 93539 120884 41009 8055 37860
62795 29335 35624 91130 130108 128791
85068 124872 21225 109742
99094 17224 2239 79592 111105
58075 21225 87407 116179 14405
49857 33214 99094 129436 16583 49236 59502 91130 69887
59675 73957 63320 38775 106828
51906 111315 21225 111165 57875 63320 77877 69948 98189
59502 10146 21225 5312 16420 91130 61978 35966 83573
93539 108937 106272 67418
94962 27187 93539
120884 116179 17224 17993 129436 84000
33214 67752 130108 17224 29335 111105 18888 58900
84000 105352 113387 27187 35624 2239
122238 29678 4330 70872 21225 41009
112276 32456
67752 111456 46832 98189 17224 2239 111165 35966 29678 94962
122238 130289 23990
43206 27187 38775
67752 14405 122238
69887 55900 59502
66991 62795 70872 85068 105352 96200
49881 67752 62795 70872 52619 111165
16420 73957 96200 112276 120248 69887 91130 87407 49857 79233
94962 106828 7287 10146 51906 41009 124872 113387 83573 109742
124872 111105 37719 51906 67752 17224 73957 106272 59675 84000
58900 70632 67714 122238 84000 49881 29335 40344
7505 109742 67418
112276 37356 108937 43206 59371
52619 25327 4330 124872 2239 27187 79233 70872 2656
130108 67752 105352 124872 112276 49236 2239
63320 109050 51906 73957 99094 33214 62795 87407 35966 130108
61978 96200 49881 4330 93539
130289 12737 85068 57206 58075
27187 109050 70872 16420 112276 111456 23990 7287
120248 73957 59675 94962
7287 35966 99094 120884 33214
49236 57206 70872 35966 59371 46832 69948 51906 122238 67714
106828 18888 35624 16583 70872 111165 43206
98189 120248 58075 128791 63320 111105 99094
98189 57206 120889 62795 106828 14405 37719
105352 51906 69948 17224
4330 106828
12737 2239 79233
12737 67418 84000 7505 49236 29335 120248 106828 129436 113387
66991 113387 98189 112276 120884 16583
70872 112276 58075 106272 29678 8055 124872 7287
57875 12156
70872 67752 62795 112276 87407 109742
35966 120884 114626 4330 37860 7287 27187 62795 99094 98189
12156 23990 51906 37860 57206 128791 114626 79592
49881 124872 57875 25327 67752
52619 101355 55900 84000
38775 7287
130289 117761
41009 49881 105352 29678 96599 120248 37860 8055 59502 35966
4330 59675 37719 8055 33214
21225 106828 17993 98189 14405 69887 91130
62795 111456 73957 63320 37356 128791 7505 58900 49881 66991
46832 106272 5312 129436 111165 38775 37719
17224 32456 120884 38775 77877 130108 2239 69887 73201
58900 59502 111456
16583 33214 12737 129436 41009 96599 111165 98189 130108 37860
84000 113387 111105 58900 98189 16420 55900 106828
66991 84000 33214 91130
2656 16420 79592 29335 12737 70872 66991 2239 128791 35966
94962 5312 111456 69887 67714 27187
96599 59371
70632 16420 122238 77877 2239
120889 99094 124872 67418 79233 18888 10146 46832 17993 21225
73201 2239 84000
49857 25327 106828 99094 130108 69887 93539 37719
93539 55900 27187 43206 57875 73201 94962
62795 41009 40344 67752 57875 79233 128791 10146 96200 69948
79592 59371 120884 37860
84000 59371
73957 59675 7505 116179 67418 5312 57875 111165 109050 120248
112276 91130 109742 41009 73957 93539 69887 96599 43206
46832 109742 21225 83573
116179 63320 96200 2239 58900 37860 120248 49857 12737 35624
38775 84000 93539 87407 70872 27187 41009 94962 5312 129436
70872 58075
41009 43206 70632 117761 49881 66991 21225 96599
29678 40344 12737 29335
29678 93539 55900 58075 91130 108937 85068 98189 14405 7287
109742 79592 111315 96200 43206 96599 18888
51906 46832 109742 63320 109050 57206
7287 57206 106828 124872 52619 130108 130289 109050 12156 111165
16420 96200 120889 29678 57206 59502
46832 108937 35624 94962
57206 91130 21225 4330 2239 14405 101355 41009
16420 38775 111456 57206 37356 62795 120248
33214 85068 77877 130289 2656 43206 111315 27187
79592 52619 109050 58900 93539 67752 38775 130108 120248
101355 59502 51906 57875 14405 18888
77877 87407 58900
87407 69887 105352 111456 43206 2239 23990 58075
2239 59371 124872 51906 58075 25327
2239 59675 128791 41009 70872 120884 83573
14405 40344 67418 79233 49881 67714 58075 18217 111105
25327 63320 23990 79592 69887
52619 12156 79233 49881 57206 7287 73201 117761
73957 98189 41009 59371 73201 35966 85068 67752 77877 120889
83573 111456 61978 67714
101355 29335 116179 77877 57206 79233 16583 85068 67752
37356 38775 32456 101355 84000 37860 73201 35624 128791 69887
120889 4330 87407
37356 29678 106828 33214
66991 29335 37719 112276 16420 33214
41009 109742 111456 79592 21225 67418 112276 29335
124872 38775 111315 35966 25327
58900 51906 120884 37719 105352 25327
113387 124872 41009
5312 59371 40344 111165 17224 33214 79592 7505
27187 29335 96200 4330 33214 79233 111456 57875
35966 128791 63320 27187 12156 10146 73957 16420 67714 32456
93539 8055 83573 67418 111456 98189
23990 37860 112276 16420 43206 114626 111315 41009 67418 58075
2239 113387
62795 116179
124872 37719 55900 58075 7505 87407 105352
98189 101355 25327 66991 5312
73957 128791
32456 116179 58075 49857 94962
73957 120884 2239 67714 93539 120889 111456
10146 57206 63320 109742
7287 4330 43206 67714 46832 69887 25327 93539
130108 122238 77877 73957 99094
70632 2656 113387 52619 38775 59502 27187 128791
10146 108937 57206 69948 49857 96599 40344 99094
77877 113387 25327 122238 23990 57875 58075 91130 38775
79233 59502 84000 101355 17993 16583 94962 93539
7505 7287 49236 4330 66991 128791 130108 29335 98189 116179
27187 14405 99094 35966 32456 40344 69887 98189 35624 101355
58900 16420 70872 35624 61978
130108 66991 59502 106272 85068 69948
117761 18888 73957 70872
129436 106272 117761 38775
96200 62795 109050
96599 109050 29335 124872 57875 59675 49881
8055 96200 83573
17224 17993 18217
83573 122238 49857 5312 49881
7287 27187 116179 112276 37860 23990 14405 37719
111456 66991
59371 120884 2239 130289 37719
58075 96599 52619 59371 73957 114626 67752
113387 38775
93539 67418 122238 66991
32456 63320 94962 46832 67714 5312 111456
106828 35966 29678 120884 98189 117761
62795 5312 38775 52619 57206 116179 114626 106272 109050 85068
84000 120889
70632 63320 73201 49857 14405 12156 10146 113387
130289 112276 61978 120889 41009 17993
35966 84000 63320 49857
37860 111315 106272 35624
25327 114626
37860 17224 7287 43206 79592 67418 49881 94962 61978
57206 35624 96599 18888 99094 32456
96599 113387 18888 79592 10146 16420 94962
70632 108937 91130 124872 49236 84000
18888 49857 73201
16420 4330 59675 105352 2239 21225 73201
122238 70872 14405 12156 124872 18888
29335 69948
57875 37356 32456 111315 130108 17224 120248 49857 70872
67714 10146
27187 105352 122238 35624
109050 67714 52619 79233
85068 35966 111165 18888
99094 111315 105352 35966 69887 114626 96599 38775 73957
120889 37356 59371 43206 79592 35966 59675 37860 112276 114626
58900 99094 111105
111165 17224 29678 130108
8055 35966
79233 14405 109050
108937 69887 59371 111456 130108 49236
108937 21225 29335 116179 18217 79592 7505 37860 59371
130289 27187 83573 29335
70872 106272 120889
7287 70872 73957 79592 112276 117761 67418 106828 94962
12156 5312 63320 32456 120889 43206 62795 49857 96200 7287
70632 52619
67752 124872 25327
17993 96599 108937 114626 59502 37356
59371 25327 124872 67752
59675 112276
7287 93539 73201
83573 7287 10146 124872 58900 96599 120248 37860 120884
35624 61978 108937 49881 83573 49857 17993 12156
106272 35624 73201 2239 111315 37860 52619 67752
18217 35624
49857 59675 38775 106828 94962
106828 93539 79592 66991 18888 73957 43206 67418 7505
129436 84000 35966
57206 21225 33214 94962 79233 59371
18888 91130
63320 4330
61978 59502 16420
35966 129436 85068 67752 4330
43206 73957 32456 120889 94962 41009 96599
87407 111105
120248 7505 18217 96599 67714 120889 87407 111105 109742 79592
120889 62795 51906 58075 32456 61978 108937
120889 27187 112276 12156 111105 37356 109050 35624 106828 69948
40344 122238
43206 17993
12737 59371 106272 33214 67714 37860 129436
111105 2239 37719 7287 43206 5312 84000
99094 113387 85068 49236
55900 99094 63320 46832 4330
37719 79592
52619 17224 8055
41009 7287 37719 67418 49881 87407 12156
99094 21225
66991 14405
12156 35966 49236 32456 38775 117761 58075
25327 79233 63320 83573 14405 59371
55900 128791 106828 62795
57206 96599 40344 98189
59675 87407 46832 29335 96599 18217 62795 79592 49236
58075 17224
91130 62795
25327 111165 16583 108937 59675 93539 7505
85068 21225 70872
116179 111456 109050 128791 63320 32456 14405
109742 93539
93539 40344 37356 96200
55900 109742 129436 106828 59371 51906 108937
93539 96599 69948 29678 111165 2239 85068 117761 106272
57206 67752 18888
23990 46832 106828 2656 16583 27187 91130 37356
128791 43206 124872 114626 67714 18217 25327 116179 12156
73957 49881 33214 111105 62795 77877 58075 113387
61978 120248 57875 12156 105352 35966 43206 99094 55900
52619 129436 37356
37356 7287 120884 17993 79233 96200 130289 33214 38775
37356 16420
59675 77877 46832 106272
23990 12737 120884 59675 59502 108937 91130
35624 83573 57206
108937 49236 59675 57206 52619 109742 38775 16583 16420
58900 59675
101355 70872 84000 35624 16583 2239 17224 37356 98189 73957
128791 69887 67752 41009
130289 122238 67714 105352 57206 70872 112276
41009 12737 49881 79233 2656 57875 111105 111456 37719 59675
130289 32456 111165 66991
29678 55900 108937 93539 37719
59675 62795 27187 14405 46832 67752
120889 109742 112276 18217 87407 124872 59675 25327 59371
111315 61978 111456 79233 63320 2239
67714 130289 58900 111105
7287 29335 124872 21225 23990
79233 70872 17224 37860 59675 16420 58900 94962 120889 93539
58900 83573 17993 129436 124872 114626 101355 10146 8055
7505 62795 29678
57875 114626 35624 67418 111105 10146 128791 122238 35966 73201
51906 93539
14405 59675 98189 109050
63320 17993
32456 79233 70632
129436 14405 124872 116179 96200 18217 70872 83573 12737 17224
57206 12737 23990 67752 10146 116179 43206 106828 62795 32456
79592 94962 111315 57206 67752 109050 52619 77877 2239
16420 5312 96599 35624 73957
33214 21225 32456 7287 130108 41009 73201 96599 105352
57206 98189 4330 7505 73957 79592 38775 35624 41009
111165 99094 70872 96599 109050 58075 113387
21225 62795 73201 69887 37356 49857 98189 43206
122238 5312 52619 40344 70872 98189 8055 120248 4330 43206
117761 122238 94962 84000 58075
67714 99094 79592 114626 46832 111105 111165 29678
32456 58075 2239 57206 99094 111105 70872
106828 83573 52619 18888 21225 101355
98189 46832 84000 96599 93539 57206
91130 73957 7287 14405 70872 49236 77877 112276
69887 16420 109050 120889 91130 21225
2239 120884
83573 49857 16583
12737 70632 129436 46832 67714 67752 35966 29335 43206
49236 29678 46832 122238 17993
106272 57875 73957 38775 79233 41009
49236 130108 55900 69948 77877 2239 29678 23990 49857 66991
87407 69948 130289 106272 73957
73201 8055 55900 66991 52619 73957
18888 37860 35966 55900 69948 114626 49236 109742 57875
69887 51906 73957 66991 46832 43206 41009
57875 120884 67714 21225 87407 122238 106272 112276 43206 37719
61978 27187 59371 7505 96200 101355 32456
66991 70872 23990 17224 4330
2239 52619 41009 111165 32456 120884 79592
7287 130108 5312
57875 77877 63320 120889
111105 25327 18217 117761 61978
112276 87407 67714 106272 120248 12737 122238 59675
35966 124872
2239 8055 52619 35966
69887 111456 98189
94962 57206 79592 27187 41009
40344 94962 12156 46832 57206 96599 111105 73201
7505 32456
18888 79233 96599 73957 2239 37860 57875
12737 111165 84000 29335 62795 101355 93539 67752
37356 57206 49881 109050 35966 73957 43206 16583 112276 17993
37719 29335 8055 120889 93539 67752 120248 16420 57875 55900
79592 111165 117761 52619 87407
4330 67714 106828 59675 41009 96599 111165 14405
111315 91130 69887 73201 122238 38775 83573 58900 55900
96599 79592
69948 130289 87407 109050 116179 49236
21225 59675 77877
106272 67714 79233 41009 96599
83573 40344 2656 124872 63320 130289 106828
111456 117761 67714 23990 93539
32456 2239 51906 79233
116179 109050 94962 113387
12156 111105 114626 37719 69887 57875 8055 106828 112276
35966 58075
16420 21225
49857 27187 116179
10146 59675 69948 91130 111105 109050
58900 16583 79592 67418 35966
41009 111456 17993 14405 43206
18888 35966 87407
61978 7505 105352 114626
130108 2239 35966 49857 69948 17993
63320 73957 16420 62795 111165 27187 94962 111315 116179
7505 84000 51906 77877 57875 106272
129436 37719 120889 69948 112276 35966 124872 2656
67752 59502
96599 111456 58075 27187 67418 41009 117761
67714 59371 130289 17224
25327 29678 40344 113387
21225 109742 33214 7505
94962 116179 70872
12737 32456 69887 57875 114626 85068 106828 73201 37860
5312 2239 96599 117761 67714
29335 99094 98189 59502 109742 73957
111315 77877 29678 122238 99094 120884 66991
114626 18217 17993 59502 25327 58900 120884 4330 2239
57206 111456 87407 120884 130108 40344 77877 66991 63320
58075 37860 87407 16583 128791 18217 111315 67418
37719 21225 17993 73201
52619 51906 120248 27187 120889 111105 87407 49857
67714 35966 93539 18217
63320 59371 114626 38775 32456 51906 10146
96599 7505
70872 83573 116179 67752 93539 37719 58075 105352 113387
85068 37719 21225 16583 49881 69948 69887
111105 79233
69948 105352 85068 49236 83573 66991 120889
37860 21225 108937 87407 67752 129436
14405 93539 84000 12156
112276 23990 84000 12156 129436 18217 96599
69887 96599 99094 43206 111315
2656 67418 12156 57875 111165 94962 108937 49857
59502 67752 2239
70632 37356 111315 105352 59502
57875 17224 57206 29678 79592 85068 55900 99094
120889 2656
18217 106272 120248 23990 7287 117761
18217 128791 73201 79592 4330
40344 46832
52619 49881
73201 59371 16583
16583 111315 41009 5312 61978 67714 112276
62795 59675 67418 96599
85068 73957 106272 4330 18888 59675 2656
101355 57206 32456 23990 109742 98189 61978 21225 52619 129436
59371 52619
38775 87407 73201 66991 41009 49857
73201 16420
120889 57206 113387 99094 17224 23990 70632 111315 73957 106272
41009 57875
79233 17224 108937 101355 87407 83573
21225 61978 122238 16420 66991 7505 117761
101355 59675 51906 12156 59371 2656 52619 87407 18888
124872 106272 16420 96599 109742 59502 18217 91130
69887 111105 23990 59675 108937 67752 46832 63320 29678
66991 101355 79233 84000
122238 109742 12156 129436
120884 10146 32456 7505 99094 14405 7287
96200 120889
55900 67752 120889
5312 116179 106272 96599 61978
67714 7505 37719
67752 112276 85068 52619 67418
52619 79592 66991 10146 58900 70632
49857 66991 49236
29335 12737 96200 79233 43206
2239 111456 29678 32456 27187 69887 94962 49881 40344 79233
16583 18217 23990 37356 69887 111456 117761 120884 77877 96200
98189 23990 33214 4330 58900 29678 18888
12737 21225 116179 49857 85068 46832 69887
43206 128791
12737 57875 58900 116179
57206 106828 2239 8055 18217 2656 67752
93539 67752 79592 87407 111165 124872
79233 84000 109742
32456 128791 117761 70872
73957 2239 23990 101355 41009 59371 58900 49881 43206
27187 10146 18888 117761 25327 55900
83573 2656 63320 96599 5312 70872 61978
67418 70872 49881 111456
61978 37719 58900 32456 66991 14405
12156 55900 38775 5312
7505 113387 57206 38775 120248 70872
7287 108937 63320 111165 8055 16420 114626 91130 117761 58900
29335 58900 67714 16583 69887
49236 5312
59502 87407 49857 7287 10146 73957 129436
70872 38775 46832 23990 35966 117761 55900 62795 67752 10146
59502 32456 37719
12156 52619 96599 25327
94962 49857
79592 67714 58075 8055
27187 120248
120889 51906 59502 93539 116179 4330 7287 23990 18888 117761
67714 35966 124872 120889 7505 59675 23990 43206
70632 25327 21225 7505 91130 109050 10146 106272 79592
84000 61978 79233 25327
73201 41009 130289 59371 122238 69887 37719
122238 37356 57206
62795 108937 114626 12156 91130 77877 49857
35966 23990 5312 8055 59502
7505 91130 52619 29335
93539 70872 116179
111165 58075 29678 67418 128791 87407 117761
67752 18217 17224 111456 59675 120889 7287
35624 69948 43206 111315 113387
59371 16583 87407 101355 120889 91130 52619
116179 12156 122238 29678 111456 73201 96599 98189 67418 111165
66991 85068 4330 120889
55900 10146 23990 91130 61978 108937 129436 18888 111315
79592 5312 35624 114626 77877 120884 2239 29335 16420
112276 124872 49857 18217 12156
98189 93539 114626 130108
35624 12156 27187 7287 17993 52619
79233 84000 67418 77877 5312
116179 29335 67714 61978 49881 108937 66991 7287 73201 8055
4330 117761 49236 37719 49857 111165 43206 105352
10146 66991 59502 7287 62795 7505 67418 18888
79233 46832 93539
79592 49881 112276 58075 12737
46832 57206 113387 38775 16420 32456 128791
128791 49881 120248 116179 113387 57206
63320 16420 27187 29678 61978 67752 124872 59502 98189
63320 129436 35624 58900 62795 73201 128791 17224
111165 35966 52619 29678 58075 35624 2239 18217 111105 25327
117761 55900 7287 79592 98189 91130 57875 17993
17993 111105 113387 129436 38775
63320 117761 29335 37719 77877 43206
57875 10146 27187 57206
21225 124872 12156 7505
59371 69948 113387
25327 38775 69948
73957 8055 106272 111105
130289 93539 12737 59371
37356 61978 79592 29678 49236 23990 91130 108937
101355 70872 69887 98189 27187 58075 37719 67752 35624 12156
14405 4330 84000 5312 111315
116179 2656 18217 67714 73201 57206 77877
14405 73957 73201 84000 113387 67752 117761 66991
41009 12156 120889 109050 67752 85068
120248 96200 5312 7505 111456 111165 99094 101355
130289 29335 94962 96200 10146 49236 105352 67418
106828 2239 40344 69887 84000
73201 29335 113387 101355
46832 27187 70872 106272 98189 43206 16420 120884 111315
122238 62795 67752 35624
57875 85068
111456 49236 67418 21225 49881 120884
37860 79592 12737 49236 124872 129436 2239 93539 106272
85068 49857 73201 117761 67418 105352 52619
58900 105352 37719 17993 38775
111456 14405
23990 67418 62795 84000
106272 58900
49857 99094 2239 43206 23990 116179
129436 43206 111456 58075
41009 25327 37860 108937 105352 14405 112276 38775 59502
128791 99094 57206 108937 124872 18888 116179 46832 29335 98189
43206 96200 58075 62795 61978 111105 101355 128791 18217
124872 70632 37719 69948
67714 111105 41009 128791 4330 37719 66991
69948 18888 41009 4330 16420 2656 120248 106828 27187
21225 59371 114626 111456 41009 33214 109742 67714 96599
43206 37356 16420 70872 96200 58900 29335
35624 91130 101355 58900 25327 67752
33214 99094 67418 55900 8055 2656 59675 58900 21225
18888 91130 67752 73957 70872 79233 69887 17993 84000 130108
116179 5312 49857 7287
18217 111105 37356 83573 70872 5312 79233 98189 106828
91130 59502 112276 124872
67714 129436
109742 29678 73957 112276 116179 73201 51906 85068
111456 96200 59675 83573 46832 69948 122238 105352 27187
17224 52619
59675 29335 2656 91130 122238 32456 12156 109742
99094 114626 8055 59371 18888 117761
46832 98189 120884 43206 111456 49881 37356
106828 67752
128791 21225 7287 43206 116179
120889 77877 73957 25327 58900 67418 55900 129436 120248 41009
69887 10146 63320 73201 96200 17224
79592 67752 130289 14405
58075 101355 18217 73201 16583 51906
128791 33214 106828 85068 117761 111165 130108 113387 49857
101355 109050 18888 79592 85068 91130 129436 120248 130289
85068 111165 59502 117761 83573 93539
46832 18217 17993 21225 14405 57206 58900 120884 87407 73201
77877 69948 73201 116179 83573 27187 111315 67752
93539 5312 43206 40344 37356 83573 130108
61978 12737 101355 117761 111315 84000 16420 106828 111105 55900
12737 41009 57875 59502 87407 106272
17224 23990
70632 37719 49236 69887 58900 49881 96599 51906
117761 40344 129436 122238
23990 111165 85068 57875 7505 69887 18217 25327
38775 83573 8055 49236 120884 113387 2656
14405 66991 124872 87407 114626 58075 10146
77877 52619 69887 62795
33214 120889 63320 120248 113387
57875 101355 16583
83573 40344 14405
120884 70632 35624 122238 33214
62795 111105
93539 128791 21225 12156 46832 99094 59502